4315
7340
1380
5565
6453
9777
9290
443
6788
4095
6750
5560
3172
1020
6061
9626
5135
850
4114
5128
1461
2412
771
8545
200
9934
283
4362
4745
7727
9458
855
5427
8199
2946
338
1708
62
7904
9693
9187
109
5533
6071
5183
533
4896
158
1262
9104
68
2088
3149
6603
3494
2491
2079
872
4340
8352
8791
3364
8175
7223
6157
768
5698
9517
9237
7579
6638
3073
7264
2861
5207
9763
6977
4232
2929
4104
2555
8521
4284
5253
8875
7323
6298
5940
3015
8619
2748
2790
7225
9409
3751
7865
3645
9475
6554
9886
8123
6324
2367
9909
4596
3880
5354
4068
1217
6358
8476
9593
1076
6841
8083
4450
9281
9783
1191
5450
2687
3785
7740
7347
7824
878
2201
7985
7578
6546
7300
9317
530
3479
4746
1342
7330
635
2015
8714
286
3496
7981
7496
48
2875
9119
5861
5206
9169
8855
6930
6915
9986
6845
8950
43
8356
2135
7425
641
9122
4484
7544
9273
8181
674
8822
748
3478
52
4004
9164
3797
5221
4466
2419
4723
9914
1757
6084
785
897
1111
9284
8900
8264
3134
381
5092
2562
35
3436
8858
5341
409
599
2899
3909
6652
9306
9337
1518
4982
364
3476
6010
7105
1145
2936
1942
3450
8058
7493
4864
5103
7677
2699
7590
7832
6828
7494
9874
5857
1939
8433
8818
3572
8623
5148
9963
5532
1384
7524
1605
7796
8525
1604
5230
5178
8455
3530
3612
1483
8964
9385
5224
8507
9196
5563
1862
9519
1504
829
8513
4633
5921
7263
3662
3144
4170
3120
7763
6694
1418
7947
4262
8024
2360
2679
3098
2739
8094
4657
474
1344
6484
3029
4932
7277
5790
1901
802
2077
4862
4889
1508
4662
8018
7143
6000
3389
1300
5194
3860
4652
1255
6284
1078
8940
4283
3316
6065
7081
7096
99
6088
7501
4650
6331
1820
1423
3757
8561
6884
5646
920
1748
7775
8559
4175
2297
2721
6774
9780
3517
4193
8542
7266
9940
3038
5882
8809
526
6727
7591
792
724
5142
3019
4597
4365
9126
8314
993
1952
6835
8036
2961
9999
2315
3827
1652
3472
3317
1445
7713
5210
8750
2984
7406
4425
7886
9901
3407
5215
1628
5948
4614
7065
8
7259
9445
6302
1345
4726
5468
7434
2693
1796
2558
3848
1990
2380
5398
6758
3
6861
289
960
2270
3443
3346
8811
7271
1959
7299
2513
2595
7586
9539
7845
5011
6882
492
2072
8278
7233
5542
7659
1729
3904
2530
4252
5504
1682
9661
6115
5619
383
7595
7737
9177
4223
7257
7195
7859
3830
1662
9503
7018
4737
4452
5205
3993
9163
4636
3441
8537
6707
2149
8399
1618
1018
9888
9841
7260
4583
1405
8961
8716
5436
2746
7394
2933
1125
9132
8453
545
3821
6551
732
94
3618
7979
3254
9659
2615
9965
9614
2106
4159
7895
9001
22
4352
2400
3636
3358
3071
754
5099
3022
8239
5494
8609
6354
5322
8327
1957
7188
1938
3901
3133
3336
3568
3066
9236
8100
5651
9297
5681
2450
3328
7928
8631
2409
6771
5216
7632
7912
1857
607
4126
3829
6240
2660
1922
2082
7810
8598
9223
1858
4672
5136
3277
4853
7690
1034
9948
4250
1045
799
2729
9133
8842
6924
3214
5251
2731
2806
4494
237
6553
9748
9274
1403
2978
6158
8128
2228
4602
2011
1163
8647
4496
5607
3753
3606
2338
6113
2095
5413
3069
275
3638
4295
3615
7728
8424
5862
6982
8662
8636
1543
4998
7122
3801
7534
3063
1886
9571
6346
5001
5182
9440
9553
3841
6653
1962
138
5429
4228
7387
3915
360
176
7194
9455
5370
1293
7457
3882
7711
8087
9376
7882
7227
7397
2104
8477
7741
6217
2386
4957
5551
8710
5541
4995
1519
5523
1452
7708
3546
2932
5702
427
3724
8150
3131
9990
9249
3559
877
4359
6724
9991
8911
628
6482
8316
5191
679
9366
6417
3816
57
3814
8419
2183
9453
6608
5351
3226
1767
1731
684
8379
1060
528
4113
7287
7296
1190
3288
3017
7568
9483
8101
8062
964
4013
5648
1408
7675
1052
5867
7242
6390
1993
246
1931
9125
1911
5979
6054
3755
3242
5510
1130
2459
5884
6401
2880
9255
4180
2278
7754
4071
4321
4204
7279
4725
4820
2383
2388
5928
2118
6268
8553
4326
5121
1916
3295
6911
8580
32
8555
8371
8003
2526
7208
5442
5647
4780
8992
2565
7893
7422
4412
3246
6418
9096
4771
4823
6658
8070
992
390
7221
6947
3779
6667
3686
1790
1892
6159
6870
9204
7359
9031
2001
9634
8869
1612
3250
6481
1473
4291
3946
5418
6051
6748
5234
2227
8374
5348
9918
4229
7220
11
3790
2585
5969
6891
6949
5163
6045
9067
2212
2717
6695
5546
9291
5661
6696
7795
8696
3489
7170
2570
7375
8031
7516
4061
321
5753
8886
4034
236
3072
366
2497
6593
5985
6272
2234
2213
7619
1608
6862
5872
7167
5879
3677
8922
103
7080
6154
5673
8963
178
1272
3279
3125
8885
4951
7357
3412
5659
4178
7500
1398
4130
8539
6994
4821
244
2833
6765
4860
7124
3593
3452
164
1625
8897
420
7284
5031
5371
9551
9897
6756
2055
5571
376
272
4805
8155
7588
7278
6489
4184
5890
5080
6227
101
8295
2668
5015
9059
7210
4976
9605
3794
4564
4748
9093
7125
7505
9502
2868
4493
150
399
7889
2101
6591
2110
3601
1387
8485
6421
8834
3305
6487
2764
5734
2725
4890
3110
4950
7269
5984
2464
199
4140
853
8403
6410
4719
1188
9747
8895
3704
5277
6394
8673
1465
7867
4895
7700
1556
2431
7179
6308
5710
1835
2716
8503
7049
9070
887
6563
710
6543
994
6083
1865
5364
3666
6057
1965
3175
8901
978
4036
4717
2671
564
7819
4366
6266
2389
4251
4967
93
4983
4279
125
6567
7846
9499
5769
551
8136
9258
7166
544
1391
618
8016
2486
9058
3962
6671
5405
39
9361
6613
9801
9983
6276
7334
4181
819
8349
9804
9289
648
4370
4811
8080
7295
5525
571
3236
2799
8592
